Temperatura, Magnetizacion promedio superior, Magnetizacion promedio inferior, Energia promedio, Calor especifico, Susceptibilidad magnetica
0.5, -1.0, 1.0, -1.96875, 0.0, 0.0
1, -0.979151123046875, 0.979151123046875, -1.957508056640625, 0.08921561621093752, 4.060212748299819e-09
1.5, -0.939486572265625, 0.939486572265625, -1.8725009765625, 0.9123265208333332, 7.917316239197842e-09
2, -0.78623193359375, 0.78623193359375, -1.53371044921875, 10.859660624023437, 4.794061381107896e-08
2.25, -0.607047119140625, 0.607047119140625, -1.2451865234375, 34.250120243827155, 1.9809380744980577e-07
2.5, -0.394755126953125, 0.394755126953125, -0.968135009765625, 52.235523381093756, 4.020454619440716e-07
2.75, -0.256110107421875, 0.256110107421875, -0.7745771484375, 50.74017584917355, 4.228165487418229e-07
3, -0.173726806640625, 0.173726806640625, -0.6479384765625, 44.00249349652777, 4.1150744944186757e-07
3.5, -0.09113916015625, 0.09113916015625, -0.475736572265625, 29.441164087292726, 2.2359357631470703e-07
4, -0.07828173828125, 0.07828173828125, -0.369751708984375, 20.56868090765381, 1.2588417295592079e-07
4.5, -0.06195458984375, 0.06195458984375, -0.29347509765625, 14.79040415335648, 8.275290854982342e-08
5, -0.055406005859375, 0.055406005859375, -0.23752099609375, 11.666655820468753, 5.829965746699599e-08
5.5, -0.047947509765625, 0.047947509765625, -0.191745361328125, 8.969489981889204, 4.1734770819504385e-08
6, -0.046071533203125, 0.046071533203125, -0.155217529296875, 7.306092083306207, 3.173244725763248e-08
